======= Parameters =======
kcat_E1_S_M1	=	1.000000e+00
Km_E1_S_M1	=	1.000000e+00
kcat_E2_M1_M2	=	1.000000e+00
Km_E2_M1_M2	=	1.000000e+00
kcat_E3_M2_P	=	1.000000e+00
Km_E3_M2_P	=	1.000000e+00
km_G1_M1	=	1.000000e+00
K_G1_M1	=	1.000000e+00
n_G1_M1	=	1.000000e+00
km_G2_M2	=	1.000000e+00
K_G2_M2	=	1.000000e+00
n_G2_M2	=	1.000000e+00
km_G3_P	=	1.000000e+00
K_G3_P	=	1.000000e+00
n_G3_P	=	1.000000e+00
kp_G1_E1	=	1.000000e+00
kp_G2_E2	=	1.000000e+00
kp_G3_E3	=	1.000000e+00
kdeg_E1	=	1.000000e+00
kdeg_E2	=	1.000000e+00
kdeg_E3	=	1.000000e+00
kdeg_G1	=	1.000000e+00
kdeg_G2	=	1.000000e+00
kdeg_G3	=	1.000000e+00
==========================
0	time
1	S
2	M1
3	E1
4	M2
5	E2
6	P
7	E3
8	G1
9	G2
10	G3
